971 2568
782 220
621 396
880 223
809 770
840 355
961 79
562 391
302 780
356 940
718 247
22 960
150 62
264 963
120 328
360 343
470 433
506 613
826 898
169 413
415 369
392 925
444 179
725 240
820 111
208 890
275 968
6 936
62 238
162 362
2 214
731 966
73 91
399 408
383 91
187 463
722 923
359 197
87 402
291 125
455 822
560 71
792 558
301 535
749 259
109 612
204 696
842 54
145 302
590 214
498 214
31 755
488 779
696 154
915 526
751 961
720 155
104 240
801 609
456 419
797 383
696 526
15 294
559 909
625 889
129 508
39 156
439 646
336 109
690 234
932 179
900 68
665 646
832 556
137 554
470 48
948 328
261 141
208 523
943 898
201 854
200 682
844 696
737 368
27 549
562 110
558 414
10 775
781 623
929 145
877 699
723 46
77 947
243 439
686 322
731 577
845 728
636 21
781 337
838 258
16 623
539 636
955 835
299 874
103 239
123 622
584 158
127 741
555 860
723 943
47 361
675 560
767 414
53 952
662 323
666 341
604 265
164 816
387 38
706 175
535 102
361 135
452 925
841 653
431 613
202 881
151 907
478 248
549 564
713 926
967 194
444 147
210 234
621 98
567 42
932 357
386 20
499 645
957 790
852 391
771 251
184 831
77 235
884 205
758 436
722 557
890 910
161 379
437 35
872 839
660 194
927 117
568 170
508 88
91 160
74 40
421 709
206 222
632 817
512 76
513 370
695 896
555 731
775 413
872 613
100 606
358 243
416 192
883 560
482 899
490 90
181 881
146 686
455 7
22 211
902 249
689 630
193 516
866 619
32 547
557 564
642 145
623 945
594 839
794 769
335 57
432 706
859 870
110 428
662 455
665 417
372 495
196 352
323 568
182 311
455 698
392 490
85 611
619 416
547 223
251 138
969 811
215 559
860 507
701 185
112 281
459 434
334 680
461 966
862 386
917 34
573 640
908 529
231 426
512 201
949 428
697 67
346 915
384 55
935 201
847 556
705 3
592 166
35 809
354 779
949 477
477 322
465 951
634 880
909 10
253 294
787 594
822 13
167 122
332 320
337 320
428 614
240 899
527 161
588 845
401 502
460 87
354 462
229 451
721 194
879 377
312 38
167 781
757 482
64 140
583 108
821 304
588 386
560 6
447 679
690 953
50 911
918 351
483 659
624 749
146 37
825 23
681 461
215 842
796 522
249 851
451 523
480 745
457 363
735 88
411 803
763 694
413 603
767 134
239 802
955 24
560 61
46 315
416 281
309 351
770 834
169 563
691 265
892 843
608 83
223 858
631 558
192 704
285 291
153 136
184 127
192 538
483 13
52 619
844 767
646 951
902 77
531 72
788 759
448 351
427 809
861 706
308 819
113 282
578 315
299 909
221 724
190 491
484 140
285 361
859 968
518 302
334 465
327 18
170 347
375 219
621 735
628 108
299 898
238 545
657 244
323 437
52 157
552 19
420 729
958 89
158 763
929 949
931 953
256 537
27 326
77 613
397 328
536 960
719 368
55 370
335 123
601 555
530 537
352 829
932 239
455 261
135 816
778 916
140 970
530 542
536 16
265 501
36 338
397 187
148 775
75 801
688 563
191 927
201 576
418 966
57 49
574 718
82 475
118 880
502 677
398 480
703 608
336 167
405 217
56 102
113 512
250 426
774 640
919 162
800 869
213 400
906 171
162 165
519 724
354 198
887 671
877 26
237 741
589 528
643 53
920 259
337 858
545 477
909 629
544 42
588 277
638 155
925 640
701 840
868 552
476 910
132 629
846 532
791 422
580 11
842 369
348 701
846 281
442 99
405 93
443 262
284 180
909 541
400 563
717 31
609 638
98 263
614 164
647 312
54 400
517 792
537 7
831 790
243 601
670 755
655 325
548 693
471 234
333 632
264 524
284 599
126 568
71 275
19 217
960 585
83 449
122 125
820 493
331 233
678 392
113 796
954 826
611 884
408 955
341 713
910 673
107 468
254 389
754 424
75 562
557 181
45 774
49 520
712 621
969 596
451 22
676 8
381 329
681 873
436 533
523 122
725 138
302 512
108 878
621 915
416 478
903 769
717 384
76 264
490 108
873 130
670 916
142 24
950 270
237 358
419 287
717 604
573 610
79 946
83 439
838 815
949 190
916 950
645 272
4 168
760 209
821 132
57 372
302 288
34 467
811 259
377 864
312 591
69 224
496 39
347 315
387 367
64 480
905 750
670 597
107 450
681 188
954 396
588 81
395 364
342 160
625 658
275 306
424 34
877 102
803 799
150 706
19 236
516 726
832 222
652 828
529 613
363 369
842 484
678 445
280 528
816 151
780 485
123 234
819 377
539 259
341 315
696 294
199 813
919 553
155 785
651 948
894 399
696 555
342 810
382 792
952 639
458 866
294 452
114 854
80 842
946 911
334 887
378 675
197 429
89 59
782 61
183 560
647 27
834 574
546 362
445 238
128 63
184 950
409 522
603 545
927 968
16 330
736 142
676 648
901 850
27 312
672 208
692 584
179 448
786 40
313 423
497 82
230 682
176 671
517 313
126 854
417 961
439 447
823 883
114 300
939 744
635 591
849 71
435 876
147 822
404 274
924 601
120 170
251 823
550 586
904 639
547 627
470 390
293 892
294 62
594 948
387 728
581 202
56 37
437 744
350 843
860 499
847 333
212 866
908 268
160 781
416 359
345 263
454 377
679 880
183 615
612 877
895 454
833 459
336 264
299 822
878 328
582 148
964 599
658 294
288 453
42 893
556 60
596 347
483 111
912 677
31 39
90 218
297 426
222 698
545 873
713 165
515 36
660 526
168 750
206 230
372 771
671 681
178 664
732 905
41 107
494 847
759 282
546 142
549 478
155 224
129 387
183 112
169 673
276 131
671 843
604 438
894 28
142 410
239 658
82 577
356 906
768 661
518 247
163 640
25 679
967 913
288 809
106 635
915 10
687 941
232 738
182 500
89 133
913 32
615 462
828 258
316 33
891 703
340 431
624 653
859 99
344 671
492 213
22 312
407 156
451 619
612 504
129 799
725 119
644 581
646 353
930 35
930 492
732 379
554 363
517 220
167 637
622 350
146 645
951 93
576 236
188 559
941 626
907 27
950 159
552 730
63 645
106 360
715 576
519 31
965 701
655 218
324 128
71 885
883 403
900 869
408 742
161 940
279 285
874 50
505 557
898 322
665 117
799 673
206 712
318 624
545 696
336 791
944 726
905 848
504 45
965 533
13 136
643 117
95 833
791 292
478 172
643 747
879 10
402 762
792 14
926 740
159 554
71 105
110 523
327 148
475 154
849 489
478 117
689 957
373 188
191 133
211 644
381 631
661 421
310 573
175 760
78 962
651 12
86 611
107 369
288 821
788 950
293 326
139 759
195 41
804 739
715 927
383 30
62 236
729 356
896 857
457 116
825 536
221 448
557 49
502 701
236 266
158 900
180 433
550 878
239 219
224 719
318 956
84 130
430 370
175 608
307 814
697 122
247 309
884 934
325 777
644 294
274 569
313 63
701 126
5 492
77 755
907 768
382 688
738 554
595 139
953 140
505 203
767 114
107 549
880 393
271 478
488 812
403 411
746 244
765 814
659 202
951 557
610 676
609 660
3 783
758 473
903 277
177 125
768 568
950 389
103 875
598 938
565 882
549 744
614 314
445 127
12 805
74 910
165 469
332 957
952 652
18 185
860 720
21 962
723 571
890 72
545 200
895 217
715 431
721 625
684 643
888 30
48 895
148 74
784 297
601 351
793 730
296 926
802 352
151 256
71 162
930 228
468 388
76 546
331 369
8 279
101 550
856 432
306 506
473 45
652 951
706 654
472 296
569 388
921 946
59 562
941 131
463 575
640 226
837 404
452 761
570 369
136 558
763 545
486 671
607 37
81 245
559 381
154 587
107 921
952 85
143 623
183 25
862 795
424 35
939 644
526 883
343 808
264 339
596 341
42 814
683 820
810 948
393 600
401 83
611 470
862 343
423 710
338 251
600 527
415 566
151 435
736 426
223 643
296 795
797 720
283 567
801 216
964 969
677 176
150 612
435 752
844 26
627 785
702 136
540 803
293 669
232 552
378 817
497 207
521 90
334 17
82 46
427 188
225 600
951 130
78 26
295 11
267 249
361 230
568 575
435 149
311 947
938 203
421 549
208 351
540 112
874 646
391 856
199 855
52 650
960 336
8 411
11 216
490 286
715 331
820 922
497 267
351 176
614 224
708 365
891 967
213 618
742 917
327 203
98 871
26 902
194 211
33 684
266 312
894 451
678 673
809 444
6 82
481 933
150 553
264 466
123 671
482 954
751 175
511 28
357 460
30 418
340 577
876 531
256 720
259 275
561 493
193 638
452 733
288 662
823 510
627 403
227 500
51 920
199 319
75 184
4 372
133 642
134 101
887 868
230 612
182 731
662 721
87 833
336 604
599 229
768 94
277 405
59 599
117 47
600 7
673 350
880 322
521 729
383 428
203 20
474 509
508 723
358 163
454 627
661 52
585 228
757 480
151 561
707 727
3 789
616 165
212 109
464 187
356 58
673 232
837 176
340 821
330 556
791 259
278 265
81 195
337 556
545 7
674 440
675 314
969 883
968 251
608 887
202 712
846 305
635 924
230 737
504 496
801 657
575 22
554 955
385 967
321 414
578 885
182 424
937 564
493 707
774 779
519 411
886 753
284 437
137 807
852 282
750 869
422 768
68 152
123 552
592 871
754 714
295 483
728 412
947 954
680 668
273 532
595 291
831 89
30 781
552 46
285 15
862 271
637 533
104 319
489 221
182 679
592 719
153 22
941 21
691 821
433 371
535 470
658 594
522 121
779 471
691 204
640 484
897 605
184 778
389 191
726 813
68 933
287 709
453 749
735 506
940 493
599 347
181 799
935 302
919 31
886 86
229 268
66 254
553 256
267 259
753 675
790 743
439 442
481 701
542 914
123 352
892 850
71 591
644 677
209 342
8 800
213 863
788 936
284 49
803 237
821 641
596 135
598 40
691 758
102 598
925 264
86 954
640 551
408 396
282 758
326 88
111 132
782 799
492 928
534 570
298 271
757 61
891 337
655 457
6 376
152 222
280 456
176 863
393 175
654 580
238 294
350 458
706 249
651 600
858 774
970 648
866 499
316 912
672 184
4 728
759 678
836 224
642 658
169 936
137 695
564 746
716 426
774 197
189 294
887 179
742 841
799 648
937 873
257 36
403 197
42 655
225 360
775 293
319 121
114 476
44 123
192 788
484 911
352 618
538 881
423 683
301 42
781 45
490 687
108 111
73 851
77 78
70 610
658 764
661 657
849 443
400 387
29 593
431 87
345 479
671 815
867 130
540 465
852 822
728 252
266 298
434 123
362 748
401 319
903 703
596 307
320 964
745 37
602 588
144 743
732 293
679 181
646 552
88 772
739 592
115 151
188 359
854 958
603 762
198 647
203 799
865 240
98 641
687 751
653 828
654 544
361 132
680 187
682 284
614 56
163 198
446 917
358 38
784 137
127 80
898 129
350 252
788 237
690 231
613 421
748 307
878 673
369 108
907 435
447 458
638 258
685 968
607 521
431 256
848 547
704 312
540 233
246 206
377 730
639 726
948 9
345 385
808 636
329 146
294 506
957 955
312 704
176 485
412 907
767 393
491 713
555 732
795 330
435 951
686 783
620 221
855 731
274 362
475 544
740 124
554 595
397 794
452 347
257 549
366 314
395 22
613 128
74 864
687 708
192 30
242 524
566 948
272 880
548 247
252 532
521 280
480 136
690 23
121 573
969 513
571 821
164 703
280 830
686 138
82 707
673 108
911 299
593 213
868 278
566 354
138 669
464 22
859 707
882 694
299 479
429 623
802 298
15 636
71 190
418 118
93 386
238 160
224 713
298 704
152 715
100 372
565 654
271 791
314 861
282 553
137 343
546 237
258 155
563 457
563 956
85 21
917 637
87 823
595 271
761 448
480 880
372 329
651 699
142 671
586 118
324 929
971 787
632 626
465 796
375 22
89 364
419 521
846 303
824 95
792 855
639 184
232 517
393 377
837 547
735 167
590 229
332 736
735 966
800 615
86 900
485 852
785 131
15 392
71 618
71 945
847 910
957 843
280 629
812 758
759 210
621 823
929 622
732 496
290 95
720 520
846 557
297 247
413 600
783 499
327 573
956 600
612 669
375 746
208 90
854 892
357 375
450 740
967 514
932 253
426 431
73 768
330 926
721 28
172 7
464 968
697 91
593 474
478 754
726 872
360 398
931 451
289 53
827 568
738 85
795 6
156 111
692 73
732 635
110 628
57 35
494 637
447 295
450 50
111 16
761 928
796 174
856 908
801 576
657 315
550 69
666 59
686 62
372 469
10 112
912 893
361 265
489 279
277 933
5 577
447 768
750 777
485 291
359 500
741 279
440 615
421 70
463 42
636 392
682 423
501 257
831 376
481 276
101 387
446 634
643 298
366 658
311 424
142 440
906 533
969 869
198 593
915 43
829 806
79 813
246 920
653 558
719 936
193 224
344 116
128 219
519 570
867 970
941 83
464 957
175 604
768 336
881 950
626 60
373 557
530 76
493 686
36 840
520 714
578 609
817 56
805 727
709 139
322 415
310 655
164 785
770 212
958 682
540 462
416 695
326 915
365 33
649 500
216 367
380 584
607 248
132 536
261 935
389 24
192 204
413 855
892 865
532 200
471 652
808 6
455 925
329 683
633 119
244 333
805 428
608 248
129 740
155 171
657 538
490 893
75 397
386 925
133 874
153 497
281 543
926 771
548 174
953 602
707 967
444 679
637 282
103 23
343 612
215 787
418 70
436 409
332 77
578 936
830 873
654 27
22 394
924 755
389 803
543 395
158 730
768 570
756 779
261 723
464 635
528 725
657 940
159 180
219 316
848 460
811 208
814 880
780 768
585 789
970 268
308 683
876 662
681 266
944 775
281 463
92 376
608 246
93 903
437 890
370 524
405 950
531 15
434 541
418 886
475 331
169 767
263 598
598 53
946 554
817 946
512 123
417 771
74 804
328 119
310 59
891 938
359 773
879 932
933 129
257 672
648 15
61 667
775 116
358 742
806 351
646 308
347 481
392 7
21 212
617 687
288 199
491 320
736 107
720 245
884 742
56 891
767 934
328 312
675 518
699 629
77 238
8 256
834 916
784 448
209 79
379 820
827 633
140 749
227 114
409 891
430 110
483 348
586 925
884 749
225 56
297 942
582 938
587 540
326 405
536 238
294 887
298 724
632 599
295 139
907 434
782 541
169 788
190 425
544 312
246 207
581 109
963 702
306 48
271 936
865 892
369 314
387 900
378 245
915 893
384 142
425 535
906 783
157 407
512 837
489 447
205 608
811 77
32 404
292 411
663 291
170 571
598 860
196 575
219 829
738 38
131 611
799 942
786 602
99 186
444 300
305 389
200 610
116 404
449 594
106 533
108 817
108 766
435 704
402 117
387 430
278 798
304 624
302 223
893 136
911 916
583 728
439 322
837 685
617 222
265 644
293 547
826 879
369 389
503 413
855 744
801 129
632 620
869 321
540 536
966 371
12 584
953 688
644 660
463 629
667 72
824 835
508 436
355 750
525 641
176 395
912 560
128 692
436 418
281 269
302 858
250 497
761 645
948 261
241 68
254 521
395 80
192 442
926 462
625 574
751 874
149 521
686 149
869 731
691 663
856 11
106 918
34 945
533 814
474 56
737 792
771 54
48 168
945 958
909 144
176 134
587 928
440 706
387 231
388 255
525 64
379 896
369 649
287 744
330 432
297 246
244 222
122 103
249 704
752 954
146 639
682 658
576 701
426 706
460 757
73 308
930 159
487 870
890 26
464 570
799 898
466 671
490 566
969 486
436 123
915 341
695 299
99 259
620 825
912 2
586 121
382 28
365 391
319 192
466 628
435 361
437 21
370 898
567 565
806 246
683 889
774 15
559 465
126 661
896 340
570 311
917 66
45 263
28 654
621 808
12 592
196 245
516 127
239 634
189 263
725 224
837 652
17 225
971 662
679 228
537 269
719 454
612 217
443 843
580 469
197 488
503 15
200 430
914 845
935 384
95 679
132 435
386 402
726 602
357 173
655 769
567 110
570 875
459 361
596 420
761 22
892 82
859 852
459 323
257 173
597 387
942 172
449 115
674 451
941 818
297 378
494 875
890 494
380 682
806 607
811 544
426 155
852 934
742 909
504 524
32 163
713 326
832 99
1 66
292 583
188 875
943 446
620 345
320 696
332 589
244 28
554 891
592 442
793 335
82 181
249 169
399 114
462 717
656 507
767 504
968 882
223 789
315 131
278 117
600 552
732 382
368 701
189 417
902 665
621 787
359 316
573 276
592 551
440 340
370 736
23 485
735 23
29 798
714 854
467 519
578 34
944 302
232 923
339 468
839 457
623 27
491 170
662 887
891 199
154 22
63 112
140 690
824 739
253 144
183 897
704 168
68 924
363 619
534 721
613 731
242 923
382 434
668 754
898 12
376 231
363 834
437 483
58 447
620 294
775 447
341 109
917 692
843 519
810 856
857 473
161 338
824 142
254 938
899 732
187 645
422 91
411 790
657 101
826 154
22 86
940 358
576 222
212 829
928 328
623 484
680 486
826 838
738 251
292 182
742 937
620 576
804 498
471 86
960 934
542 799
257 735
316 561
816 521
486 682
893 234
472 698
143 476
443 869
300 554
428 60
504 298
14 43
159 523
74 805
308 268
792 574
503 116
639 539
35 601
509 365
789 70
418 764
747 241
486 424
287 681
438 218
845 314
573 832
916 27
779 964
124 23
254 296
38 963
294 345
596 614
67 282
533 217
535 798
12 508
370 377
904 332
406 283
265 585
424 936
311 815
755 86
95 355
649 24
135 151
552 375
962 205
455 12
420 50
630 442
704 338
707 104
156 532
159 162
933 380
440 907
902 334
193 214
600 530
964 19
948 290
753 958
534 261
900 461
173 637
502 774
84 869
547 327
641 811
36 779
916 762
592 648
82 719
960 681
744 784
12 296
361 90
659 760
186 385
920 369
596 33
46 70
946 423
246 434
953 820
274 821
349 602
958 632
885 568
192 572
682 614
632 281
217 8
950 928
331 583
884 503
598 260
616 663
321 439
525 654
380 745
884 949
682 469
791 725
59 772
390 108
433 625
748 291
895 476
129 697
884 867
683 965
48 845
122 202
377 428
582 158
395 192
490 824
786 893
62 600
184 524
41 306
556 74
538 717
134 581
579 645
528 657
821 704
457 85
699 946
494 50
42 469
334 102
27 839
506 796
34 815
110 54
129 513
686 362
484 851
605 746
932 81
440 676
40 361
645 820
265 466
160 547
32 872
324 161
640 919
644 935
268 559
898 416
389 716
655 959
577 385
790 264
706 430
584 281
51 159
70 713
950 183
203 488
846 452
704 914
341 644
623 644
572 506
148 100
421 386
478 205
47 56
801 556
120 860
846 301
60 181
650 437
357 661
84 744
252 7
511 833
314 117
522 644
592 280
47 692
194 136
51 228
736 940
823 611
370 883
955 683
758 381
135 971
837 264
344 9
828 373
717 354
924 668
870 831
750 666
864 484
228 128
798 12
944 360
573 451
277 104
647 281
7 51
817 566
563 750
111 911
312 767
133 617
316 260
962 156
598 237
360 822
723 281
316 513
206 800
707 710
482 162
230 524
584 80
949 888
401 690
863 902
384 896
97 662
760 881
818 590
303 801
714 527
293 384
404 133
705 406
546 442
178 397
144 944
932 840
94 180
611 929
354 1
963 850
372 706
621 189
536 800
241 110
150 707
447 584
273 811
36 273
57 441
830 789
97 687
388 12
67 870
72 560
605 506
730 717
109 192
55 388
38 68
28 535
861 851
267 188
200 105
630 680
116 328
668 397
650 596
821 89
877 332
935 783
792 337
779 182
469 426
877 477
866 485
77 63
23 71
691 390
897 570
568 540
876 137
22 133
910 456
667 519
708 441
803 142
212 243
729 399
897 683
793 874
408 392
647 864
925 606
17 65
163 446
148 925
682 309
168 264
684 81
7 369
815 115
393 888
448 520
583 680
87 441
568 873
238 831
242 556
846 197
243 304
887 669
121 409
359 601
456 776
751 72
98 197
283 791
929 120
931 844
860 235
633 108
758 718
932 348
125 526
18 789
360 84
662 95
225 226
697 387
740 26
931 535
497 738
370 624
940 804
940 369
926 723
324 1
583 115
962 651
182 425
171 401
349 611
378 600
714 773
235 305
861 594
844 640
137 215
809 184
6 933
579 783
672 352
671 488
965 805
305 284
36 562
576 204
777 861
134 663
486 598
638 83
857 725
805 450
25 862
89 313
469 776
181 163
218 548
887 140
524 407
639 831
233 876
968 793
444 156
190 855
636 227
400 405
848 787
6 730
23 647
580 320
435 624
19 442
919 343
813 198
320 518
707 402
670 767
712 39
932 415
240 493
907 194
185 348
747 910
565 129
950 78
629 584
377 770
356 681
525 820
322 334
730 371
396 22
606 27
844 916
244 309
373 801
766 776
251 902
766 150
43 187
462 968
755 541
45 592
598 388
491 248
366 553
207 204
105 778
690 150
176 490
144 617
36 559
3 245
813 167
305 570
858 560
948 292
666 533
923 110
764 480
160 205
588 850
721 921
495 466
522 218
868 149
640 99
164 540
314 72
692 10
713 734
805 160
327 209
5 349
26 57
394 126
586 81
826 963
333 646
484 249
391 863
583 49
507 328
35 186
227 406
252 854
274 71
459 442
477 55
10 826
191 67
66 805
911 103
698 824
200 931
779 9
47 191
492 465
565 90
152 704
172 182
466 74
730 53
696 584
937 802
238 697
122 773
886 101
317 822
307 726
315 779
879 78
292 20
594 660
757 248
922 943
650 104
72 310
449 377
874 113
322 799
183 835
23 245
912 24
472 490
311 627
884 876
820 35
243 518
320 948
959 659
102 225
832 468
286 791
747 547
648 666
255 635
474 389
359 738
460 755
758 11
247 160
802 71
769 770
679 346
650 710
833 174
421 184
589 30
76 183
315 195
389 553
528 432
174 421
944 640
686 911
122 964
464 597
18 139
20 16
333 514
131 591
710 161
71 804
507 545
442 240
192 158
263 86
295 868
552 824
535 63
97 620
594 98
939 898
310 341
158 412
479 192
852 686
597 595
411 151
489 163
949 698
967 815
199 193
897 218
259 75
302 570
447 120
953 428
179 474
91 819
757 68
637 473
674 325
198 165
20 951
609 803
488 277
265 918
714 690
287 44
72 286
956 896
668 327
600 715
503 324
267 967
948 921
298 49
571 238
420 466
392 735
764 757
9 34
104 467
589 510
228 487
527 802
70 284
117 148
631 897
113 500
538 194
630 179
460 210
280 345
628 333
314 600
283 425
418 768
943 131
159 169
694 368
235 54
327 19
934 57
405 171
691 929
693 568
91 756
260 522
464 381
450 928
434 166
535 268
707 209
585 174
19 186
572 956
793 953
607 447
559 678
27 177
708 249
248 141
861 676
588 92
919 793
42 136
61 359
764 381
806 437
882 7
616 444
564 335
965 98
840 90
770 112
369 636
500 95
176 322
349 254
571 721
